translation: 
  x: -0.08263826449208486
  y: -0.04105230278991223
  z: -0.009940190593295161
rotation: 
  x: -0.0008182981206653792
  y: -0.0018923578049849787
  z: -0.3864552813867233
  w: 0.9223058412795792
